50 1 0 2 10
50 1 0 3 10
50 1 0 4 10
50 1 0 5 10
stat
clear
50 10 0 2 10
50 10 0 3 10
50 10 0 4 10
50 10 0 5 10
stat
clear
100 2 0 2 10
100 2 0 3 10
100 2 0 4 10
100 2 0 5 10
stat
clear
100 20 0 2 10
100 20 0 3 10
100 20 0 4 10
100 20 0 5 10
stat
clear
200 4 0 2 10
200 4 0 3 10
200 4 0 4 10
200 4 0 5 10
stat
clear
200 40 0 2 10
200 40 0 3 10
200 40 0 4 10
200 40 0 5 10
stat
clear
500 10 0 2 10
500 10 0 3 10
500 10 0 4 10
500 10 0 5 10
stat
clear
500 100 0 2 10
500 100 0 3 10
500 100 0 4 10
500 100 0 5 10
stat
clear
1000 20 0 2 10
1000 20 0 3 10
1000 20 0 4 10
1000 20 0 5 10
stat
clear
1000 200 0 2 10
1000 200 0 3 10
1000 200 0 4 10
1000 200 0 5 10
stat
clear
