15 8
0 41 8 2 18 16 15 9 7 44 35 6 38 28 3 2 6 14 15 33 39 2 36 13 42 35 27 15 29 38 18
41 0 1 11 28 22 18 10 14 22 7 6 25 7 23 23 39 17 3 30 35 8 25 6 36 19 41 40 24 37 13
8 1 0 5 3 43 15 19 6 15 7 25 18 30 41 24 11 24 23 14 43 18 44 42 5 39 41 11 35 16 11
2 11 5 0 30 25 18 41 36 15 44 21 4 15 3 21 26 18 5 14 37 21 14 42 32 26 42 30 10 17 9
18 28 3 30 0 16 36 35 17 38 28 38 26 24 15 9 33 32 6 4 8 10 41 11 44 28 39 5 25 25 39
16 22 43 25 16 0 30 34 17 36 1 44 8 44 35 18 42 22 8 19 28 11 30 1 17 33 12 33 7 41 20
15 18 15 18 36 30 0 41 33 39 13 10 24 11 35 34 1 39 21 32 2 8 24 20 16 4 16 37 6 6 32
9 10 19 41 35 34 41 0 5 35 9 9 43 31 36 11 17 34 39 28 14 35 13 20 26 43 42 24 29 34 29
7 14 6 36 17 17 33 5 0 8 16 15 5 22 2 38 36 15 38 15 1 5 41 4 15 5 3 22 5 33 16
44 22 15 15 38 36 39 35 8 0 18 43 32 14 35 9 37 37 31 16 31 27 13 7 7 43 28 23 28 27 30
35 7 7 44 28 1 13 9 16 18 0 4 44 42 42 7 4 26 22 7 16 13 13 35 29 9 28 12 18 30 16
6 6 25 21 38 44 10 9 15 43 4 0 5 29 36 7 4 42 35 1 6 16 11 27 32 31 14 26 4 11 25
38 25 18 4 26 8 24 43 5 32 44 5 0 1 25 17 30 19 28 36 43 32 10 13 19 14 4 38 35 4 21
28 7 30 15 24 44 11 31 22 14 42 29 1 0 4 4 38 31 33 34 11 4 33 6 12 5 39 5 44 16 26
3 23 41 3 15 35 35 36 2 35 42 36 25 4 0 8 37 16 38 39 3 40 6 27 43 38 37 34 21 17 14
2 23 24 21 9 18 34 11 38 9 7 7 17 4 8 0 43 21 16 17 26 9 43 42 20 30 21 5 1 30 40
6 39 11 26 33 42 1 17 36 37 4 4 30 38 37 43 0 37 7 5 35 14 33 17 9 23 5 16 24 19 11
14 17 24 18 32 22 39 34 15 37 26 42 19 31 16 21 37 0 29 35 20 40 42 34 1 43 36 20 43 7 9
15 3 23 5 6 8 21 39 38 31 22 35 28 33 38 16 7 29 0 17 8 7 36 10 18 19 39 14 22 14 44
33 30 14 14 4 19 32 28 15 16 7 1 36 34 39 17 5 35 17 0 41 17 33 32 17 4 6 41 28 18 3
39 35 43 37 8 28 2 14 1 31 16 6 43 11 3 26 35 20 8 41 0 1 22 9 41 17 11 29 36 28 36
2 8 18 21 10 11 8 35 5 27 13 16 32 4 40 9 14 40 7 17 1 0 1 8 5 10 35 3 24 38 36
36 25 44 14 41 30 24 13 41 13 13 11 10 33 6 43 33 42 36 33 22 1 0 10 28 9 3 20 24 3 23
13 6 42 42 11 1 20 20 4 7 35 27 13 6 27 42 17 34 10 32 9 8 10 0 14 44 16 43 7 23 36
42 36 5 32 44 17 16 26 15 7 29 32 19 12 43 20 9 1 18 17 41 5 28 14 0 27 40 10 16 11 12
35 19 39 26 28 33 4 43 5 43 9 31 14 5 38 30 23 43 19 4 17 10 9 44 27 0 27 2 12 22 27
27 41 41 42 39 12 16 42 3 28 28 14 4 39 37 21 5 36 39 6 11 35 3 16 40 27 0 43 16 18 11
15 40 11 30 5 33 37 24 22 23 12 26 38 5 34 5 16 20 14 41 29 3 20 43 10 2 43 0 7 25 3
29 24 35 10 25 7 6 29 5 28 18 4 35 44 21 1 24 43 22 28 36 24 24 7 16 12 16 7 0 31 15
38 37 16 17 25 41 6 34 33 27 30 11 4 16 17 30 19 7 14 18 28 38 3 23 11 22 18 25 31 0 13
18 13 11 9 39 20 32 29 16 30 16 25 21 26 14 40 11 9 44 3 36 36 23 36 12 27 11 3 15 13 0