20 8
0 41 8 2 48 18 16 15 9 48 7 44 48 58 35 6 38 28 3 2 6 14 15 33 39 2 36 13 46 42 45 35 27 15 29 38 18 52 56 1 49
41 0 52 11 45 28 22 18 10 14 49 22 7 6 25 7 23 55 23 39 17 52 3 47 30 35 8 25 6 36 19 54 41 40 57 56 24 37 13 46 5
8 52 0 3 43 15 50 19 6 55 15 56 7 25 18 30 41 54 24 11 24 23 14 43 18 45 44 42 5 39 41 11 35 47 16 11 30 25 18 41 45
2 11 3 0 36 15 44 21 54 50 50 4 15 53 3 52 21 26 18 5 14 59 37 57 46 21 14 42 32 26 57 59 42 30 10 17 9 16 48 36 35
48 45 43 36 0 17 48 38 28 58 38 26 24 15 9 33 32 6 49 4 56 8 10 41 11 51 44 28 39 5 25 25 39 30 34 17 36 56 1 44 47
18 28 15 15 17 0 8 44 57 35 49 18 50 42 22 8 19 28 11 30 1 47 57 47 17 33 49 12 33 59 7 56 41 20 54 41 33 39 13 10 24
16 22 50 44 48 8 0 49 11 35 50 34 59 1 39 21 32 2 8 24 57 54 52 20 16 4 16 57 37 6 6 47 32 53 5 49 35 50 9 9 43
15 18 19 21 38 44 49 0 31 36 11 17 34 56 39 28 14 35 49 47 45 13 46 20 26 43 42 24 29 58 34 29 8 16 15 5 22 2 38 36 15
9 10 6 54 28 57 11 31 0 38 15 1 5 46 41 4 15 5 58 3 56 22 5 33 16 18 43 32 14 35 9 47 57 37 37 31 16 51 31 52 27
48 14 55 50 58 35 35 36 38 0 13 7 7 43 28 23 28 27 30 56 47 4 44 42 42 7 4 26 47 22 52 56 7 16 13 13 35 29 9 28 12
7 49 15 50 38 49 50 11 15 13 0 18 30 16 56 5 29 52 56 55 36 7 4 42 35 54 1 6 49 55 16 11 27 32 31 14 56 26 58 4 11
44 22 56 4 26 18 34 17 1 7 18 0 25 1 25 17 51 51 30 19 28 45 47 51 36 43 46 32 10 13 19 14 4 38 48 35 4 48 21 4 4
48 7 7 15 24 50 59 34 5 7 30 25 0 38 31 33 59 55 34 11 4 33 6 55 12 5 39 5 44 56 16 26 8 57 37 16 38 39 3 40 6
58 6 25 53 15 42 1 56 46 43 16 1 38 0 27 43 38 37 34 21 17 14 43 46 21 16 17 26 9 43 42 20 30 21 49 5 1 30 40 37 7
35 25 18 3 9 22 39 39 41 28 56 25 31 27 0 5 35 14 33 17 9 23 57 5 57 16 24 19 11 29 54 35 46 20 40 52 42 34 1 43 53
6 7 30 52 33 8 21 28 4 23 5 17 33 43 5 0 36 20 43 7 57 9 17 8 57 7 48 36 10 18 19 39 14 46 22 14 44 41 55 17 33
38 23 41 21 32 19 32 14 15 28 29 51 59 38 35 36 0 32 17 58 59 55 4 6 41 28 54 18 3 1 22 50 9 41 17 11 48 29 36 46 28
28 55 54 26 6 28 2 35 5 27 52 51 55 37 14 20 32 0 36 1 8 5 57 45 58 10 35 3 54 24 38 36 10 28 9 3 20 24 58 51 56
3 23 24 18 49 11 8 49 58 30 56 30 34 34 33 43 17 36 0 3 58 23 14 44 16 43 7 23 50 36 57 56 27 40 48 10 16 56 11 52 52
2 39 11 5 4 30 24 47 3 56 55 19 11 21 17 7 58 1 3 0 12 57 27 2 12 48 22 51 27 52 43 56 48 52 16 18 11 51 45 7 25
6 17 24 14 56 1 57 45 56 47 36 28 4 17 9 57 59 8 58 12 0 56 3 55 31 15 13 53 59 30 23 20 53 51 56 15 15 2 43 13 26
14 52 23 59 8 47 54 13 22 4 7 45 33 14 23 9 55 5 23 57 56 0 22 18 56 5 50 18 23 42 33 26 44 54 35 22 2 8 57 17 12
15 3 14 37 10 57 52 46 5 44 4 47 6 43 57 17 4 57 14 27 3 22 0 38 17 3 7 39 28 23 47 51 21 28 39 33 8 25 58 37 13
33 47 43 57 41 47 20 20 33 42 42 51 55 46 5 8 6 45 44 2 55 18 38 0 17 3 46 28 1 34 52 35 44 47 48 48 43 13 24 28 5
39 30 18 46 11 17 16 26 16 42 35 36 12 21 57 57 41 58 16 12 31 56 17 17 0 43 59 22 40 21 43 55 8 47 58 20 33 20 43 27 21
2 35 45 21 51 33 4 43 18 7 54 43 5 16 16 7 28 10 43 48 15 5 3 3 43 0 26 45 19 36 9 13 27 43 25 44 48 58 12 40 37
36 8 44 14 44 49 16 42 43 4 1 46 39 17 24 48 54 35 7 22 13 50 7 46 59 26 0 20 26 36 54 1 20 19 14 28 51 38 39 42 21
13 25 42 42 28 12 57 24 32 26 6 32 5 26 19 36 18 3 23 51 53 18 39 28 22 45 20 0 30 29 29 44 14 33 31 51 58 51 48 11 43
46 6 5 32 39 33 37 29 14 47 49 10 44 9 11 10 3 54 50 27 59 23 28 1 40 19 26 30 0 6 19 33 43 41 40 22 6 53 49 16 44
42 36 39 26 5 59 6 58 35 22 55 13 56 43 29 18 1 24 36 52 30 42 23 34 21 36 36 29 6 0 20 15 52 13 10 2 3 16 31 40 55
45 19 41 57 25 7 6 34 9 52 16 19 16 42 54 19 22 38 57 43 23 33 47 52 43 9 54 29 19 20 0 50 5 30 27 57 41 37 13 46 45
35 54 11 59 25 56 47 29 47 56 11 14 26 20 35 39 50 36 56 56 20 26 51 35 55 13 1 44 33 15 50 0 25 32 26 16 10 42 45 1 58
27 41 35 42 39 41 32 8 57 7 27 4 8 30 46 14 9 10 27 48 53 44 21 44 8 27 20 14 43 52 5 25 0 49 56 50 57 7 50 28 15
15 40 47 30 30 20 53 16 37 16 32 38 57 21 20 46 41 28 40 52 51 54 28 47 47 43 19 33 41 13 30 32 49 0 12 52 45 34 30 4 36
29 57 16 10 34 54 5 15 37 13 31 48 37 49 40 22 17 9 48 16 56 35 39 48 58 25 14 31 40 10 27 26 56 12 0 16 59 55 8 30 9
38 56 11 17 17 41 49 5 31 13 14 35 16 5 52 14 11 3 10 18 15 22 33 48 20 44 28 51 22 2 57 16 50 52 16 0 52 30 43 34 36
18 24 30 9 36 33 35 22 16 35 56 4 38 1 42 44 48 20 16 11 15 2 8 43 33 48 51 58 6 3 41 10 57 45 59 52 0 39 21 49 58
52 37 25 16 56 39 50 2 51 29 26 48 39 30 34 41 29 24 56 51 2 8 25 13 20 58 38 51 53 16 37 42 7 34 55 30 39 0 29 40 53
56 13 18 48 1 13 9 38 31 9 58 21 3 40 1 55 36 58 11 45 43 57 58 24 43 12 39 48 49 31 13 45 50 30 8 43 21 29 0 47 58
1 46 41 36 44 10 9 36 52 28 4 4 40 37 43 17 46 51 52 7 13 17 37 28 27 40 42 11 16 40 46 1 28 4 30 34 49 40 47 0 33
49 5 45 35 47 24 43 15 27 12 11 4 6 7 53 33 28 56 52 25 26 12 13 5 21 37 21 43 44 55 45 58 15 36 9 36 58 53 58 33 0