50 10
0 29 7 71 63 58 36 27 140 23 109 9 8 24 56 60 130 7 144 51 140 108 57 115 72 2 41 109 88 72 40 56 87 27 24 98 25 92 89 68 12 118 138 32 97 21 142 76 93 148 50 18 12 59 75 21 60 26 98 72 117 94 42 95 91 54 69 19 44 137 63 42 119 98 70 143 57 84 15 59 9 81 103 69 17 55 146 81 55 128 102 118 37 68 36 64 144 138 68 110 103
29 0 93 57 36 131 127 24 13 29 40 41 109 17 99 98 120 136 65 142 3 30 138 69 88 29 76 112 41 117 1 68 129 46 130 28 77 130 51 40 96 42 139 136 1 83 126 5 29 93 79 62 15 62 146 21 22 125 18 137 33 33 122 141 43 68 136 109 55 139 52 80 103 96 113 133 116 31 64 58 17 87 6 142 59 57 2 19 16 59 18 9 85 19 132 61 72 125 55 139 34
7 93 0 147 148 122 63 122 105 49 25 25 111 91 109 106 120 14 26 16 104 87 28 64 50 49 138 115 36 109 47 72 119 64 20 114 141 26 13 139 4 24 61 43 105 125 124 55 103 16 43 98 1 100 68 117 74 109 143 125 40 49 76 56 15 149 139 16 81 15 13 123 129 136 41 15 131 21 48 18 18 61 104 31 146 64 149 11 21 108 145 134 81 67 53 81 62 68 102 34 77
71 57 147 0 118 81 19 3 118 145 26 19 138 55 130 68 34 90 18 63 95 73 41 113 140 78 136 3 142 77 27 35 68 30 28 142 40 70 73 54 88 53 68 130 126 65 14 24 109 71 12 1 86 34 68 42 114 142 110 144 3 29 20 39 140 10 95 142 38 111 33 11 79 94 11 92 54 64 27 91 144 105 40 61 42 46 106 7 46 86 106 64 69 41 28 98 10 121 57 52 118
63 36 148 118 0 90 79 59 58 7 50 103 85 72 18 72 90 131 103 138 85 8 30 67 46 149 68 10 28 112 89 81 112 131 30 99 148 49 66 12 112 1 134 138 51 94 111 18 85 81 32 77 130 80 105 84 104 76 142 33 50 108 98 45 146 78 104 141 1 78 74 54 111 149 83 120 114 114 55 131 122 44 22 73 132 86 24 61 80 58 51 38 7 12 63 122 19 117 107 148 50
58 131 122 81 90 0 99 127 103 63 38 2 28 109 57 46 133 119 13 143 64 32 117 35 119 136 144 82 114 130 110 141 115 41 122 116 67 64 71 134 125 62 71 113 20 74 61 70 86 82 139 21 36 39 60 99 40 55 17 107 105 85 139 120 107 16 53 108 100 6 148 98 123 2 91 77 100 108 138 140 57 125 57 70 112 125 8 100 87 104 43 120 33 137 7 101 145 7 22 110 35
36 127 63 19 79 99 0 119 47 13 67 98 84 55 117 84 87 98 72 108 65 21 121 5 139 14 90 58 18 11 8 64 52 6 40 62 33 122 30 145 56 120 66 95 43 30 42 80 28 149 7 80 148 97 102 51 20 63 27 78 31 145 11 89 137 110 95 18 130 88 4 108 126 28 111 93 118 40 112 46 134 70 138 124 120 112 69 83 63 23 72 116 63 119 146 98 87 8 127 84 47
27 24 122 3 59 127 119 0 125 55 91 67 88 72 71 143 3 133 49 22 62 105 126 143 62 122 126 115 5 24 76 57 104 63 79 149 95 122 142 136 89 109 141 85 91 117 70 79 65 60 31 50 81 31 138 48 50 56 124 71 135 73 26 50 76 59 93 46 78 4 137 33 71 12 14 142 75 33 126 27 4 147 73 121 123 113 88 48 14 65 123 30 17 103 126 19 148 14 39 39 145
140 13 105 118 58 103 47 125 0 78 22 64 31 143 107 58 134 98 116 114 77 110 79 146 16 26 54 55 68 21 41 62 45 142 20 41 1 105 116 121 75 9 60 74 73 117 19 60 68 51 109 30 140 58 39 69 37 19 16 43 79 146 74 113 32 120 78 104 70 129 139 127 113 21 11 111 83 65 7 24 59 148 6 69 148 11 45 121 133 114 72 47 112 126 24 121 90 105 86 83 27
23 29 49 145 7 63 13 55 78 0 42 85 106 127 74 103 141 10 117 23 81 65 83 30 104 132 1 139 119 106 14 49 133 93 128 114 14 53 69 141 34 74 113 125 32 8 62 41 80 142 4 142 105 24 58 30 119 31 40 128 75 131 70 107 124 121 63 117 142 38 99 49 131 35 18 71 107 88 130 69 1 73 77 149 126 39 115 138 124 89 86 142 140 97 117 83 49 62 147 99 60
109 40 25 26 50 38 67 91 22 42 0 106 12 82 122 98 99 39 127 10 33 129 85 26 113 26 135 117 4 37 105 40 20 121 68 87 102 21 85 137 98 82 125 139 10 18 61 74 59 24 112 26 26 114 43 77 8 12 84 15 76 92 96 111 38 63 136 106 145 47 44 45 21 98 62 128 37 60 119 66 118 66 3 120 74 140 41 19 114 89 77 109 65 117 78 51 99 124 28 61 98
9 41 25 19 103 2 98 67 64 85 106 0 147 92 148 76 76 6 102 71 3 145 13 128 74 59 91 57 49 65 36 25 11 80 113 9 149 94 34 24 76 84 107 45 52 34 139 94 136 129 70 43 66 124 76 87 30 120 20 37 58 102 143 94 24 102 4 68 138 32 117 95 68 98 96 28 60 121 7 144 84 57 17 119 78 105 30 36 12 10 78 127 30 25 61 138 35 100 117 95 139
8 109 111 138 85 28 84 88 31 106 12 147 0 108 40 107 26 126 105 72 9 95 56 114 114 61 93 26 95 140 92 16 102 71 49 32 117 24 55 6 13 86 63 33 145 53 18 142 54 56 60 85 38 1 71 38 34 139 65 45 29 7 34 4 92 61 83 5 45 68 14 33 108 135 30 17 122 115 93 132 28 116 129 57 12 134 78 118 8 16 123 103 110 28 126 114 19 21 83 38 17
24 17 91 55 72 109 55 72 143 127 82 92 108 0 33 71 141 84 98 136 76 117 130 111 26 30 142 56 111 116 59 106 87 117 103 107 25 81 110 81 66 96 40 122 18 24 22 24 111 25 96 34 143 16 144 144 85 32 106 91 109 14 74 80 91 27 148 130 55 40 124 58 28 90 143 95 30 72 147 58 110 144 143 7 69 8 47 70 80 87 90 2 47 37 145 103 18 37 8 24 136
56 99 109 130 18 57 117 71 107 74 122 148 40 33 0 56 97 108 117 88 41 95 80 84 146 22 14 40 41 13 21 70 114 109 125 114 107 70 56 132 30 89 111 29 73 125 135 79 12 57 102 15 2 53 78 55 36 66 75 84 31 2 128 111 45 34 98 137 59 129 144 91 19 102 11 112 5 118 20 81 148 110 147 104 107 75 30 104 6 84 44 118 93 23 112 28 63 112 103 135 21
60 98 106 68 72 46 84 143 58 103 98 76 107 71 56 0 102 80 87 57 86 44 20 131 30 136 131 50 90 90 38 61 27 38 66 51 45 40 20 46 127 119 145 149 115 145 83 81 39 113 18 121 114 78 71 15 91 130 19 80 119 116 10 15 95 74 20 24 130 99 119 149 142 11 116 147 49 83 122 129 39 16 116 27 88 22 130 45 11 64 113 113 135 134 41 94 96 73 100 105 87
130 120 120 34 90 133 87 3 134 141 99 76 26 141 97 102 0 14 86 17 85 25 143 99 73 65 39 86 21 37 90 80 101 34 22 80 144 97 85 33 135 24 109 131 93 5 93 80 47 55 88 125 50 58 36 40 20 76 26 130 139 135 10 87 34 97 40 42 47 43 113 12 106 94 61 114 73 115 60 137 62 80 121 50 95 147 113 119 73 98 129 136 108 42 52 36 65 14 124 96 142
7 136 14 90 131 119 98 133 98 10 39 6 126 84 108 80 14 0 27 133 32 73 22 42 70 116 132 38 112 24 57 116 90 7 107 14 102 129 96 61 99 21 96 58 8 82 26 86 38 36 10 74 121 36 121 115 2 21 5 66 56 39 141 136 109 29 74 61 78 32 13 62 108 118 17 29 128 138 5 132 148 62 37 75 110 1 91 62 147 107 48 22 135 93 18 135 140 130 130 142 6
144 65 26 18 103 13 72 49 116 117 127 102 105 98 117 87 86 27 0 100 121 12 100 96 65 5 92 18 89 62 27 149 86 35 12 91 140 87 45 119 123 47 35 17 118 10 76 52 12 52 11 81 80 132 102 140 122 65 10 49 74 92 13 85 70 32 95 112 103 113 99 87 48 128 128 95 133 69 22 109 21 111 47 140 76 83 27 21 84 76 79 115 110 43 114 90 115 11 91 112 71
51 142 16 63 138 143 108 22 114 23 10 71 72 136 88 57 17 133 100 0 15 20 104 94 132 41 8 37 113 9 33 18 61 94 93 99 146 9 40 116 95 96 114 20 147 36 136 94 102 81 72 64 30 7 48 128 133 100 144 31 68 67 115 55 74 126 52 32 35 19 116 45 114 23 82 89 17 141 139 75 77 41 45 93 131 58 32 52 36 61 127 7 93 142 147 95 120 142 34 23 17
140 3 104 95 85 64 65 62 77 81 33 3 9 76 41 86 85 32 121 15 0 80 102 123 135 106 105 148 19 33 82 19 116 120 133 89 33 142 47 34 111 129 15 32 133 40 78 43 42 83 58 89 133 73 21 65 51 142 71 33 78 137 24 129 44 149 40 44 87 145 11 8 21 12 148 68 54 147 107 8 128 140 75 78 124 63 104 77 117 19 16 41 113 107 124 119 53 88 37 81 82
108 30 87 73 8 32 21 105 110 65 129 145 95 117 95 44 25 73 12 20 80 0 89 103 34 95 132 144 28 82 62 120 32 69 116 64 37 25 13 75 99 108 64 41 84 148 81 49 41 128 132 120 128 79 128 6 24 101 130 118 62 56 91 13 13 73 127 121 74 138 3 28 111 35 68 94 104 94 12 103 14 146 144 50 93 142 74 19 99 130 116 141 72 31 33 25 101 96 87 143 94
57 138 28 41 30 117 121 126 79 83 85 13 56 130 80 20 143 22 100 104 102 89 0 37 51 131 103 129 11 12 10 36 86 122 133 117 39 132 36 84 82 42 101 77 87 130 131 137 126 145 77 122 5 95 85 29 107 79 7 122 68 149 148 59 14 123 44 135 98 38 63 9 147 29 49 5 113 81 108 39 106 53 106 129 121 16 36 133 54 144 84 123 135 97 81 45 118 137 88 140 91
115 69 64 113 67 35 5 143 146 30 26 128 114 111 84 131 99 42 96 94 123 103 37 0 68 124 50 64 72 143 77 58 77 74 54 126 82 123 90 144 71 74 32 147 140 98 102 89 38 75 11 74 21 89 114 66 123 55 52 138 70 144 70 36 28 62 63 13 136 58 60 14 26 106 85 121 26 36 2 141 41 105 122 123 52 74 83 74 16 23 147 60 137 10 45 107 46 10 102 127 48
72 88 50 140 46 119 139 62 16 104 113 74 114 26 146 30 73 70 65 132 135 34 51 68 0 75 10 3 77 146 28 86 73 117 140 135 127 35 130 120 70 50 29 85 42 118 66 48 4 87 76 146 50 45 104 110 132 84 23 103 25 48 36 123 83 64 2 67 99 61 115 69 85 78 147 3 67 93 61 16 31 120 79 41 104 129 80 31 76 95 57 57 35 123 40 117 96 107 141 121 138
2 29 49 78 149 136 14 122 26 132 26 59 61 30 22 136 65 116 5 41 106 95 131 124 75 0 56 64 21 135 115 136 93 20 145 29 16 141 130 52 147 138 39 43 84 134 114 30 53 126 24 131 115 15 117 34 132 107 117 145 15 144 119 79 6 102 66 1 56 149 19 12 109 89 17 139 16 18 121 9 74 105 47 35 108 96 98 115 97 97 21 139 35 90 31 46 138 101 136 33 58
41 76 138 136 68 144 90 126 54 1 135 91 93 142 14 131 39 132 92 8 105 132 103 50 10 56 0 1 6 77 119 140 109 137 98 59 64 118 89 40 71 49 29 9 108 5 62 53 18 26 9 115 13 63 12 103 113 60 139 56 15 36 129 75 60 148 82 148 83 61 78 37 134 57 106 77 71 16 143 45 110 143 127 13 89 98 135 82 107 105 39 77 97 48 138 122 62 58 77 37 119
109 112 115 3 10 82 58 115 55 139 117 57 26 56 40 50 86 38 18 37 148 144 129 64 3 64 1 0 15 144 106 107 143 136 35 100 63 66 53 85 21 116 95 24 138 49 14 69 97 11 19 49 144 56 123 54 86 78 4 55 49 31 123 63 53 102 62 142 83 73 98 120 137 92 79 67 93 132 128 120 26 121 82 53 95 81 106 12 145 57 38 5 67 142 149 107 76 40 51 85 59
88 41 36 142 28 114 18 5 68 119 4 49 95 111 41 90 21 112 89 113 19 28 11 72 77 21 6 15 0 98 146 63 128 141 87 66 126 126 118 44 91 44 36 140 126 48 139 16 135 9 20 13 2 106 36 60 18 39 3 56 130 117 96 16 124 125 5 2 137 142 106 4 5 136 71 138 74 5 129 111 46 28 25 135 39 62 50 135 65 91 69 102 21 96 104 118 145 63 58 77 21
72 117 109 77 112 130 11 24 21 106 37 65 140 116 13 90 37 24 62 9 33 82 12 143 146 135 77 144 98 0 9 24 104 98 97 142 122 15 3 44 22 128 112 85 145 25 136 11 59 55 146 122 70 12 20 72 140 145 9 46 81 5 54 37 102 20 77 42 145 62 146 100 139 85 99 36 21 129 89 14 26 112 60 20 88 102 84 8 70 116 126 59 92 142 97 111 48 98 22 76 64
40 1 47 27 89 110 8 76 41 14 105 36 92 59 21 38 90 57 27 33 82 62 10 77 28 115 119 106 146 9 0 19 22 69 40 98 40 100 82 93 28 24 2 79 114 93 70 27 34 23 48 111 115 143 143 132 105 27 7 23 91 142 24 84 99 4 75 106 100 22 144 63 147 134 44 98 44 36 69 78 69 127 38 17 43 112 71 108 77 124 20 93 65 64 127 51 118 28 35 78 2
56 68 72 35 81 141 64 57 62 49 40 25 16 106 70 61 80 116 149 18 19 120 36 58 86 136 140 107 63 24 19 0 102 86 98 85 113 86 111 35 77 83 52 123 81 46 102 82 75 126 148 63 84 97 72 101 94 30 145 52 140 47 141 7 119 54 113 75 18 105 128 36 78 62 65 40 109 97 19 115 123 103 137 130 108 140 10 93 138 22 28 64 91 43 12 145 103 85 111 28 3
87 129 119 68 112 115 52 104 45 133 20 11 102 87 114 27 101 90 86 61 116 32 86 77 73 93 109 143 128 104 22 102 0 26 67 57 131 133 143 149 148 57 115 96 101 119 129 39 89 7 124 27 76 107 22 30 37 90 80 88 117 53 134 124 90 122 25 113 116 82 18 77 12 30 6 88 28 43 63 133 45 142 41 85 144 110 119 60 104 48 48 111 102 8 51 116 110 100 2 55 53
27 46 64 30 131 41 6 63 142 93 121 80 71 117 109 38 34 7 35 94 120 69 122 74 117 20 137 136 141 98 69 86 26 0 72 17 148 27 138 48 94 84 51 118 30 68 126 136 81 100 101 30 90 91 118 45 77 22 35 81 31 62 79 30 47 96 37 131 100 108 36 148 99 109 48 125 138 45 143 43 126 74 36 48 81 116 14 92 3 125 35 50 99 144 130 127 105 126 107 114 126
24 130 20 28 30 122 40 79 20 128 68 113 49 103 125 66 22 107 12 93 133 116 133 54 140 145 98 35 87 97 40 98 67 72 0 43 22 145 8 57 75 9 71 58 138 74 44 118 145 127 141 131 29 147 30 69 140 94 139 11 113 140 56 109 27 64 77 9 116 68 90 23 113 31 61 54 90 110 43 36 53 53 16 146 90 137 72 138 44 83 75 75 147 69 132 25 35 106 16 71 33
98 28 114 142 99 116 62 149 41 114 87 9 32 107 114 51 80 14 91 99 89 64 117 126 135 29 59 100 66 142 98 85 57 17 43 0 34 64 38 83 64 101 126 37 148 69 107 97 116 20 24 104 132 72 95 117 125 84 149 1 24 118 92 17 137 102 56 110 55 127 69 83 73 87 141 148 34 145 125 88 13 12 26 118 5 32 41 113 117 1 110 52 34 78 41 71 24 93 65 22 96
25 77 141 40 148 67 33 95 1 14 102 149 117 25 107 45 144 102 140 146 33 37 39 82 127 16 64 63 126 122 40 113 131 148 22 34 0 43 14 102 79 60 110 24 25 1 55 123 20 34 58 133 114 3 3 88 31 109 34 123 19 59 99 23 27 27 81 95 77 36 98 35 37 18 136 145 3 43 113 90 55 39 106 114 56 23 26 36 32 99 90 110 81 36 64 71 22 64 142 73 7
92 130 26 70 49 64 122 122 105 53 21 94 24 81 70 40 97 129 87 9 142 25 132 123 35 141 118 66 126 15 100 86 133 27 145 64 43 0 78 53 133 131 49 101 76 14 62 127 99 29 62 128 19 136 4 93 82 34 100 146 108 94 140 45 121 19 5 18 4 68 56 11 16 102 130 74 129 107 109 103 22 138 138 40 72 22 80 21 131 53 40 138 84 101 17 80 112 62 15 63 23
89 51 13 73 66 71 30 142 116 69 85 34 55 110 56 20 85 96 45 40 47 13 36 90 130 130 89 53 118 3 82 111 143 138 8 38 14 78 0 112 30 117 15 80 45 31 4 36 3 42 128 89 134 133 67 43 96 33 69 31 8 86 110 70 135 17 68 148 20 128 117 131 93 15 128 146 43 95 41 66 27 147 30 59 131 1 12 4 63 12 121 94 99 39 46 10 142 108 58 83 64
68 40 139 54 12 134 145 136 121 141 137 24 6 81 132 46 33 61 119 116 34 75 84 144 120 52 40 85 44 44 93 35 149 48 57 83 102 53 112 0 107 82 70 20 147 96 31 129 14 46 58 133 12 103 18 120 73 80 84 23 142 117 3 95 52 75 145 78 63 119 95 127 51 140 63 39 2 105 7 60 139 89 3 86 1 97 79 27 53 136 61 108 126 16 37 72 24 12 60 134 106
12 96 4 88 112 125 56 89 75 34 98 76 13 66 30 127 135 99 123 95 111 99 82 71 70 147 71 21 91 22 28 77 148 94 75 64 79 133 30 107 0 96 118 22 149 25 130 35 101 20 146 16 112 34 61 75 67 81 101 84 82 116 70 60 20 52 35 28 40 28 43 116 120 81 105 31 138 92 54 116 79 119 68 31 24 41 78 11 56 84 38 24 64 92 102 132 13 77 67 45 8
118 42 24 53 1 62 120 109 9 74 82 84 86 96 89 119 24 21 47 96 129 108 42 74 50 138 49 116 44 128 24 83 57 84 9 101 60 131 117 82 96 0 104 116 143 141 64 25 119 27 36 32 4 16 57 34 51 103 96 22 67 20 6 17 51 114 33 24 85 32 11 119 13 44 147 111 102 128 8 98 110 45 91 55 48 71 72 115 39 9 63 76 128 106 141 123 16 23 72 99 36
138 139 61 68 134 71 66 141 60 113 125 107 63 40 111 145 109 96 35 114 15 64 101 32 29 39 29 95 36 112 2 52 115 51 71 126 110 49 15 70 118 104 0 108 52 135 64 140 5 98 92 123 140 125 89 145 129 83 100 70 47 7 82 57 8 72 15 121 136 92 60 41 26 64 62 69 137 15 57 148 100 91 45 46 61 82 92 8 91 146 145 37 145 49 127 139 80 45 126 10 24
32 136 43 130 138 113 95 85 74 125 139 45 33 122 29 149 131 58 17 20 32 41 77 147 85 43 9 24 140 85 79 123 96 118 58 37 24 101 80 20 22 116 108 0 15 60 57 6 135 123 1 85 52 34 88 46 83 16 6 38 37 29 135 94 19 96 102 26 87 78 83 35 41 112 125 82 45 144 92 58 45 97 79 76 33 46 1 147 101 146 9 47 82 57 145 27 128 37 85 20 61
97 1 105 126 51 20 43 91 73 32 10 52 145 18 73 115 93 8 118 147 133 84 87 140 42 84 108 138 126 145 114 81 101 30 138 148 25 76 45 147 149 143 52 15 0 89 82 43 23 86 115 3 68 54 64 18 90 66 28 1 13 99 113 108 43 106 127 97 90 140 97 26 123 148 58 42 116 19 9 76 6 82 67 27 19 88 44 97 42 20 141 24 87 124 8 111 43 112 41 14 26
21 83 125 65 94 74 30 117 117 8 18 34 53 24 125 145 5 82 10 36 40 148 130 98 118 134 5 49 48 25 93 46 119 68 74 69 1 14 31 96 25 141 135 60 89 0 85 53 49 105 142 139 68 73 77 61 25 13 101 147 141 126 40 14 93 1 110 23 76 123 52 25 7 53 44 75 21 122 30 79 102 121 126 68 24 140 100 48 95 98 95 48 115 12 68 113 120 68 58 69 145
142 126 124 14 111 61 42 70 19 62 61 139 18 22 135 83 93 26 76 136 78 81 131 102 66 114 62 14 139 136 70 102 129 126 44 107 55 62 4 31 130 64 64 57 82 85 0 16 39 25 22 89 139 106 59 142 16 100 134 108 138 122 147 61 122 77 21 102 9 129 147 133 147 38 31 115 45 43 55 50 33 11 109 21 112 52 38 67 82 18 23 100 143 102 142 84 71 134 118 4 134
76 5 55 24 18 70 80 79 60 41 74 94 142 24 79 81 80 86 52 94 43 49 137 89 48 30 53 69 16 11 27 82 39 136 118 97 123 127 36 129 35 25 140 6 43 53 16 0 108 29 107 39 38 146 26 28 145 26 74 138 89 106 68 99 125 147 122 10 45 71 104 37 103 10 102 85 61 13 122 69 96 6 87 78 80 72 126 26 59 35 77 114 83 69 107 23 49 114 55 105 125
93 29 103 109 85 86 28 65 68 80 59 136 54 111 12 39 47 38 12 102 42 41 126 38 4 53 18 97 135 59 34 75 89 81 145 116 20 99 3 14 101 119 5 135 23 49 39 108 0 133 96 15 132 41 17 80 130 104 35 135 146 8 45 50 52 15 64 9 117 13 93 51 71 95 119 130 102 32 8 62 96 126 115 46 122 142 90 89 42 67 24 73 8 99 13 42 147 55 57 58 53
148 93 16 71 81 82 149 60 51 142 24 129 56 25 57 113 55 36 52 81 83 128 145 75 87 126 26 11 9 55 23 126 7 100 127 20 34 29 42 46 20 27 98 123 86 105 25 29 133 0 69 105 132 6 3 122 34 45 3 58 65 79 71 109 97 90 118 65 56 120 78 134 102 27 2 131 96 144 73 77 28 124 17 87 71 84 71 67 77 49 39 133 62 15 104 82 36 7 128 76 67
50 79 43 12 32 139 7 31 109 4 112 70 60 96 102 18 88 10 11 72 58 132 77 11 76 24 9 19 20 146 48 148 124 101 141 24 58 62 128 58 146 36 92 1 115 142 22 107 96 69 0 108 104 100 10 147 49 88 57 137 122 92 130 77 44 143 47 76 25 121 33 67 144 47 86 23 57 91 58 79 108 85 96 67 76 119 31 121 14 149 19 121 50 129 31 98 136 77 106 14 39
18 62 98 1 77 21 80 50 30 142 26 43 85 34 15 121 125 74 81 64 89 120 122 74 146 131 115 49 13 122 111 63 27 30 131 104 133 128 89 133 16 32 123 85 3 139 89 39 15 105 108 0 36 52 88 105 146 118 37 81 47 21 125 86 46 81 15 2 116 71 54 44 148 41 126 23 34 112 110 104 110 123 99 2 10 137 52 96 4 83 136 49 5 2 64 58 89 80 34 27 99
12 15 1 86 130 36 148 81 140 105 26 66 38 143 2 114 50 121 80 30 133 128 5 21 50 115 13 144 2 70 115 84 76 90 29 132 114 19 134 12 112 4 140 52 68 68 139 38 132 132 104 36 0 129 79 43 17 12 77 75 117 134 135 87 112 35 88 126 92 49 43 104 5 59 58 34 55 6 130 44 32 94 10 97 66 137 13 13 28 6 13 30 107 114 98 32 141 65 122 40 53
59 62 100 34 80 39 97 31 58 24 114 124 1 16 53 78 58 36 132 7 73 79 95 89 45 15 63 56 106 12 143 97 107 91 147 72 3 136 133 103 34 16 125 34 54 73 106 146 41 6 100 52 129 0 3 78 108 26 134 70 36 108 27 131 31 73 30 28 128 51 52 68 134 52 92 105 76 42 11 141 128 54 124 85 61 1 4 23 29 147 127 39 24 131 20 26 66 60 117 76 68
75 146 68 68 105 60 102 138 39 58 43 76 71 144 78 71 36 121 102 48 21 128 85 114 104 117 12 123 36 20 143 72 22 118 30 95 3 4 67 18 61 57 89 88 64 77 59 26 17 3 10 88 79 3 0 119 13 26 45 11 75 93 81 110 30 25 12 3 36 44 85 92 113 69 24 96 88 47 30 103 103 117 70 99 123 108 43 29 34 16 41 27 107 124 146 113 47 98 92 8 34
21 21 117 42 84 99 51 48 69 30 77 87 38 144 55 15 40 115 140 128 65 6 29 66 110 34 103 54 60 72 132 101 30 45 69 117 88 93 43 120 75 34 145 46 18 61 142 28 80 122 147 105 43 78 119 0 124 125 29 106 113 12 17 67 81 4 135 148 145 58 87 133 134 25 111 64 124 89 99 39 143 14 3 41 130 121 127 43 20 126 83 62 85 72 13 130 58 141 97 104 61
60 22 74 114 104 40 20 50 37 119 8 30 34 85 36 91 20 2 122 133 51 24 107 123 132 132 113 86 18 140 105 94 37 77 140 125 31 82 96 73 67 51 129 83 90 25 16 145 130 34 49 146 17 108 13 124 0 21 118 114 147 115 23 128 115 81 31 128 5 27 104 106 10 143 141 1 24 78 131 144 53 117 88 94 14 58 117 85 144 122 94 116 30 25 57 1 88 91 75 141 134
26 125 109 142 76 55 63 56 19 31 12 120 139 32 66 130 76 21 65 100 142 101 79 55 84 107 60 78 39 145 27 30 90 22 94 84 109 34 33 80 81 103 83 16 66 13 100 26 104 45 88 118 12 26 26 125 21 0 96 28 12 43 127 36 105 28 66 51 49 31 101 56 118 49 87 28 107 12 32 116 118 130 35 128 2 136 13 142 111 124 131 46 149 45 33 27 100 83 130 99 108
98 18 143 110 142 17 27 124 16 40 84 20 65 106 75 19 26 5 10 144 71 130 7 52 23 117 139 4 3 9 7 145 80 35 139 149 34 100 69 84 101 96 100 6 28 101 134 74 35 3 57 37 77 134 45 29 118 96 0 64 71 102 88 76 116 35 36 106 132 77 141 81 142 56 52 54 75 89 34 46 129 139 83 30 91 144 123 147 107 137 74 109 4 134 28 7 98 38 14 15 52
72 137 125 144 33 107 78 71 43 128 15 37 45 91 84 80 130 66 49 31 33 118 122 138 103 145 56 55 56 46 23 52 88 81 11 1 123 146 31 23 84 22 70 38 1 147 108 138 135 58 137 81 75 70 11 106 114 28 64 0 69 42 74 65 38 16 76 53 139 9 92 116 27 144 58 144 100 61 131 74 13 98 100 107 81 142 14 4 65 52 114 58 95 140 51 50 76 115 46 20 48
117 33 40 3 50 105 31 135 79 75 76 58 29 109 31 119 139 56 74 68 78 62 68 70 25 15 15 49 130 81 91 140 117 31 113 24 19 108 8 142 82 67 47 37 13 141 138 89 146 65 122 47 117 36 75 113 147 12 71 69 0 45 132 31 97 11 110 72 143 68 34 42 66 2 85 120 40 11 40 83 14 78 126 147 141 92 19 82 135 57 48 134 18 130 41 107 140 138 104 24 90
94 33 49 29 108 85 145 73 146 131 92 102 7 14 2 116 135 39 92 67 137 56 149 144 48 144 36 31 117 5 142 47 53 62 140 118 59 94 86 117 116 20 7 29 99 126 122 106 8 79 92 21 134 108 93 12 115 43 102 42 45 0 57 55 85 85 93 76 56 136 122 144 3 30 89 115 62 63 11 83 98 30 99 66 139 73 7 133 96 132 131 115 125 12 76 50 83 132 22 25 43
42 122 76 20 98 139 11 26 74 70 96 143 34 74 128 10 10 141 13 115 24 91 148 70 36 119 129 123 96 54 24 141 134 79 56 92 99 140 110 3 70 6 82 135 113 40 147 68 45 71 130 125 135 27 81 17 23 127 88 74 132 57 0 138 137 2 17 54 55 109 27 53 138 112 19 40 7 118 85 10 23 19 14 46 65 143 19 148 59 67 105 100 116 104 111 81 5 100 31 137 2
95 141 56 39 45 120 89 50 113 107 111 94 4 80 111 15 87 136 85 55 129 13 59 36 123 79 75 63 16 37 84 7 124 30 109 17 23 45 70 95 60 17 57 94 108 14 61 99 50 109 77 86 87 131 110 67 128 36 76 65 31 55 138 0 17 12 19 92 129 28 75 78 23 73 113 98 102 8 122 41 137 57 35 101 140 76 37 77 96 3 142 143 37 32 11 2 147 101 138 141 22
91 43 15 140 146 107 137 76 32 124 38 24 92 91 45 95 34 109 70 74 44 13 14 28 83 6 60 53 124 102 99 119 90 47 27 137 27 121 135 52 20 51 8 19 43 93 122 125 52 97 44 46 112 31 30 81 115 105 116 38 97 85 137 17 0 79 54 89 55 106 132 37 42 48 57 65 50 30 47 146 14 141 119 141 19 75 18 65 26 51 149 125 85 92 33 61 26 73 18 50 82
54 68 149 10 78 16 110 59 120 121 63 102 61 27 34 74 97 29 32 126 149 73 123 62 64 102 148 102 125 20 4 54 122 96 64 102 27 19 17 75 52 114 72 96 106 1 77 147 15 90 143 81 35 73 25 4 81 28 35 16 11 85 2 12 79 0 125 116 85 79 40 145 146 94 81 110 44 2 81 64 57 112 71 93 35 85 123 119 115 92 79 125 142 28 45 21 72 36 138 51 68
69 136 139 95 104 53 95 93 78 63 136 4 83 148 98 20 40 74 95 52 40 127 44 63 2 66 82 62 5 77 75 113 25 37 77 56 81 5 68 145 35 33 15 102 127 110 21 122 64 118 47 15 88 30 12 135 31 66 36 76 110 93 17 19 54 125 0 20 20 5 130 8 149 149 104 55 10 142 67 140 139 121 39 94 101 58 75 35 119 129 131 24 102 94 129 3 62 43 132 36 115
19 109 16 142 141 108 18 46 104 117 106 68 5 130 137 24 42 61 112 32 44 121 135 13 67 1 148 142 2 42 106 75 113 131 9 110 95 18 148 78 28 24 121 26 97 23 102 10 9 65 76 2 126 28 3 148 128 51 106 53 72 76 54 92 89 116 20 0 41 46 145 145 38 124 92 11 57 125 60 17 68 95 60 11 53 133 93 100 121 117 12 11 83 27 134 71 68 149 140 146 45
44 55 81 38 1 100 130 78 70 142 145 138 45 55 59 130 47 78 103 35 87 74 98 136 99 56 83 83 137 145 100 18 116 100 116 55 77 4 20 63 40 85 136 87 90 76 9 45 117 56 25 116 92 128 36 145 5 49 132 139 143 56 55 129 55 85 20 41 0 97 97 94 20 133 65 97 58 133 104 91 89 125 124 2 129 36 113 43 59 20 132 72 55 39 48 41 93 31 59 107 85
137 139 15 111 78 6 88 4 129 38 47 32 68 40 129 99 43 32 113 19 145 138 38 58 61 149 61 73 142 62 22 105 82 108 68 127 36 68 128 119 28 32 92 78 140 123 129 71 13 120 121 71 49 51 44 58 27 31 77 9 68 136 109 28 106 79 5 46 97 0 30 124 123 123 54 42 106 6 63 12 33 147 42 35 132 11 147 38 15 43 67 47 133 104 145 5 73 22 56 115 121
63 52 13 33 74 148 4 137 139 99 44 117 14 124 144 119 113 13 99 116 11 3 63 60 115 19 78 98 106 146 144 128 18 36 90 69 98 56 117 95 43 11 60 83 97 52 147 104 93 78 33 54 43 52 85 87 104 101 141 92 34 122 27 75 132 40 130 145 97 30 0 124 44 57 106 37 47 131 68 43 88 117 18 59 97 99 34 28 5 52 134 130 108 39 25 46 122 10 137 129 31
42 80 123 11 54 98 108 33 127 49 45 95 33 58 91 149 12 62 87 45 8 28 9 14 69 12 37 120 4 100 63 36 77 148 23 83 35 11 131 127 116 119 41 35 26 25 133 37 51 134 67 44 104 68 92 133 106 56 81 116 42 144 53 78 37 145 8 145 94 124 124 0 24 124 34 139 1 111 134 108 95 12 136 110 59 124 98 90 148 26 109 35 66 123 60 22 73 140 105 66 49
119 103 129 79 111 123 126 71 113 131 21 68 108 28 19 142 106 108 48 114 21 111 147 26 85 109 134 137 5 139 147 78 12 99 113 73 37 16 93 51 120 13 26 41 123 7 147 103 71 102 144 148 5 134 113 134 10 118 142 27 66 3 138 23 42 146 149 38 20 123 44 24 0 2 2 148 134 31 134 2 97 53 81 105 93 28 40 110 65 67 138 109 145 94 71 102 53 106 142 143 124
98 96 136 94 149 2 28 12 21 35 98 98 135 90 102 11 94 118 128 23 12 35 29 106 78 89 57 92 136 85 134 62 30 109 31 87 18 102 15 140 81 44 64 112 148 53 38 10 95 27 47 41 59 52 69 25 143 49 56 144 2 30 112 73 48 94 149 124 133 123 57 124 2 0 46 95 144 143 124 65 79 148 89 102 36 31 59 115 42 26 55 131 103 87 141 14 42 100 2 24 38
70 113 41 11 83 91 111 14 11 18 62 96 30 143 11 116 61 17 128 82 148 68 49 85 147 17 106 79 71 99 44 65 6 48 61 141 136 130 128 63 105 147 62 125 58 44 31 102 119 2 86 126 58 92 24 111 141 87 52 58 85 89 19 113 57 81 104 92 65 54 106 34 2 46 0 121 112 23 17 68 57 95 21 10 99 103 134 74 15 45 127 113 3 52 133 74 50 9 131 133 60
143 133 15 92 120 77 93 142 111 71 128 28 17 95 112 147 114 29 95 89 68 94 5 121 3 139 77 67 138 36 98 40 88 125 54 148 145 74 146 39 31 111 69 82 42 75 115 85 130 131 23 23 34 105 96 64 1 28 54 144 120 115 40 98 65 110 55 11 97 42 37 139 148 95 121 0 44 10 93 62 1 41 23 71 103 91 102 104 52 133 4 18 24 141 73 144 90 89 71 58 50
57 116 131 54 114 100 118 75 83 107 37 60 122 30 5 49 73 128 133 17 54 104 113 26 67 16 71 93 74 21 44 109 28 138 90 34 3 129 43 2 138 102 137 45 116 21 45 61 102 96 57 34 55 76 88 124 24 107 75 100 40 62 7 102 50 44 10 57 58 106 47 1 134 144 112 44 0 117 104 148 2 67 45 105 130 28 144 19 129 76 88 30 132 66 138 148 65 114 97 145 124
84 31 21 64 114 108 40 33 65 88 60 121 115 72 118 83 115 138 69 141 147 94 81 36 93 18 16 132 5 129 36 97 43 45 110 145 43 107 95 105 92 128 15 144 19 122 43 13 32 144 91 112 6 42 47 89 78 12 89 61 11 63 118 8 30 2 142 125 133 6 131 111 31 143 23 10 117 0 63 87 118 118 8 124 30 67 18 98 57 59 81 106 91 133 138 3 68 64 74 24 103
15 64 48 27 55 138 112 126 7 130 119 7 93 147 20 122 60 5 22 139 107 12 108 2 61 121 143 128 129 89 69 19 63 143 43 125 113 109 41 7 54 8 57 92 9 30 55 122 8 73 58 110 130 11 30 99 131 32 34 131 40 11 85 122 47 81 67 60 104 63 68 134 134 124 17 93 104 63 0 88 20 142 46 122 81 91 56 147 69 47 49 128 52 61 62 68 53 59 52 64 92
59 58 18 91 131 140 46 27 24 69 66 144 132 58 81 129 137 132 109 75 8 103 39 141 16 9 45 120 111 14 78 115 133 43 36 88 90 103 66 60 116 98 148 58 76 79 50 69 62 77 79 104 44 141 103 39 144 116 46 74 83 83 10 41 146 64 140 17 91 12 43 108 2 65 68 62 148 87 88 0 40 28 31 21 127 2 139 11 124 96 81 127 148 71 126 47 131 72 102 57 148
9 17 18 144 122 57 134 4 59 1 118 84 28 110 148 39 62 148 21 77 128 14 106 41 31 74 110 26 46 26 69 123 45 126 53 13 55 22 27 139 79 110 100 45 6 102 33 96 96 28 108 110 32 128 103 143 53 118 129 13 14 98 23 137 14 57 139 68 89 33 88 95 97 79 57 1 2 118 20 40 0 33 14 135 109 123 139 9 129 89 101 45 118 31 133 118 81 3 4 54 98
81 87 61 105 44 125 70 147 148 73 66 57 116 144 110 16 80 62 111 41 140 146 53 105 120 105 143 121 28 112 127 103 142 74 53 12 39 138 147 89 119 45 91 97 82 121 11 6 126 124 85 123 94 54 117 14 117 130 139 98 78 30 19 57 141 112 121 95 125 147 117 12 53 148 95 41 67 118 142 28 33 0 149 26 84 93 67 48 141 68 61 69 121 88 94 48 128 109 54 108 96
103 6 104 40 22 57 138 73 6 77 3 17 129 143 147 116 121 37 47 45 75 144 106 122 79 47 127 82 25 60 38 137 41 36 16 26 106 138 30 3 68 91 45 79 67 126 109 87 115 17 96 99 10 124 70 3 88 35 83 100 126 99 14 35 119 71 39 60 124 42 18 136 81 89 21 23 45 8 46 31 14 149 0 94 103 72 116 47 147 34 148 59 26 70 61 143 111 98 51 38 39
69 142 31 61 73 70 124 121 69 149 120 119 57 7 104 27 50 75 140 93 78 50 129 123 41 35 13 53 135 20 17 130 85 48 146 118 114 40 59 86 31 55 46 76 27 68 21 78 46 87 67 2 97 85 99 41 94 128 30 107 147 66 46 101 141 93 94 11 2 35 59 110 105 102 10 71 105 124 122 21 135 26 94 0 122 3 46 108 128 35 133 137 81 125 77 65 144 146 13 102 26
17 59 146 42 132 112 120 123 148 126 74 78 12 69 107 88 95 110 76 131 124 93 121 52 104 108 89 95 39 88 43 108 144 81 90 5 56 72 131 1 24 48 61 33 19 24 112 80 122 71 76 10 66 61 123 130 14 2 91 81 141 139 65 140 19 35 101 53 129 132 97 59 93 36 99 103 130 30 81 127 109 84 103 122 0 42 16 56 66 122 25 116 86 67 93 93 144 143 66 89 6
55 57 64 46 86 125 112 113 11 39 140 105 134 8 75 22 147 1 83 58 63 142 16 74 129 96 98 81 62 102 112 140 110 116 137 32 23 22 1 97 41 71 82 46 88 140 52 72 142 84 119 137 137 1 108 121 58 136 144 142 92 73 143 76 75 85 58 133 36 11 99 124 28 31 103 91 28 67 91 2 123 93 72 3 42 0 106 32 90 51 148 148 138 45 73 91 84 131 125 115 21
146 2 149 106 24 8 69 88 45 115 41 30 78 47 30 130 113 91 27 32 104 74 36 83 80 98 135 106 50 84 71 10 119 14 72 41 26 80 12 79 78 72 92 1 44 100 38 126 90 71 31 52 13 4 43 127 117 13 123 14 19 7 19 37 18 123 75 93 113 147 34 98 40 59 134 102 144 18 56 139 139 67 116 46 16 106 0 98 74 119 38 43 87 108 147 104 19 21 42 88 59
81 19 11 7 61 100 83 48 121 138 19 36 118 70 104 45 119 62 21 52 77 19 133 74 31 115 82 12 135 8 108 93 60 92 138 113 36 21 4 27 11 115 8 147 97 48 67 26 89 67 121 96 13 23 29 43 85 142 147 4 82 133 148 77 65 119 35 100 43 38 28 90 110 115 74 104 19 98 147 11 9 48 47 108 56 32 98 0 81 82 75 69 102 70 114 93 134 116 106 43 48
55 16 21 46 80 87 63 14 133 124 114 12 8 80 6 11 73 147 84 36 117 99 54 16 76 97 107 145 65 70 77 138 104 3 44 117 32 131 63 53 56 39 91 101 42 95 82 59 42 77 14 4 28 29 34 20 144 111 107 65 135 96 59 96 26 115 119 121 59 15 5 148 65 42 15 52 129 57 69 124 129 141 147 128 66 90 74 81 0 6 33 61 65 21 54 43 102 27 25 17 122
128 59 108 86 58 104 23 65 114 89 89 10 16 87 84 64 98 107 76 61 19 130 144 23 95 97 105 57 91 116 124 22 48 125 83 1 99 53 12 136 84 9 146 146 20 98 18 35 67 49 149 83 6 147 16 126 122 124 137 52 57 132 67 3 51 92 129 117 20 43 52 26 67 26 45 133 76 59 47 96 89 68 34 35 122 51 119 82 6 0 141 14 7 102 135 22 27 68 40 22 100
102 18 145 106 51 43 72 123 72 86 77 78 123 90 44 113 129 48 79 127 16 116 84 147 57 21 39 38 69 126 20 28 48 35 75 110 90 40 121 61 38 63 145 9 141 95 23 77 24 39 19 136 13 127 41 83 94 131 74 114 48 131 105 142 149 79 131 12 132 67 134 109 138 55 127 4 88 81 49 81 101 61 148 133 25 148 38 75 33 141 0 80 59 64 73 114 33 34 135 44 8
118 9 134 64 38 120 116 30 47 142 109 127 103 2 118 113 136 22 115 7 41 141 123 60 57 139 77 5 102 59 93 64 111 50 75 52 110 138 94 108 24 76 37 47 24 48 100 114 73 133 121 49 30 39 27 62 116 46 109 58 134 115 100 143 125 125 24 11 72 47 130 35 109 131 113 18 30 106 128 127 45 69 59 137 116 148 43 69 61 14 80 0 9 92 84 122 120 139 70 141 114
37 85 81 69 7 33 63 17 112 140 65 30 110 47 93 135 108 135 110 93 113 72 135 137 35 35 97 67 21 92 65 91 102 99 147 34 81 84 99 126 64 128 145 82 87 115 143 83 8 62 50 5 107 24 107 85 30 149 4 95 18 125 116 37 85 142 102 83 55 133 108 66 145 103 3 24 132 91 52 148 118 121 26 81 86 138 87 102 65 7 59 9 0 35 139 46 117 145 112 135 137
68 19 67 41 12 137 119 103 126 97 117 25 28 37 23 134 42 93 43 142 107 31 97 10 123 90 48 142 96 142 64 43 8 144 69 78 36 101 39 16 92 106 49 57 124 12 102 69 99 15 129 2 114 131 124 72 25 45 134 140 130 12 104 32 92 28 94 27 39 104 39 123 94 87 52 141 66 133 61 71 31 88 70 125 67 45 108 70 21 102 64 92 35 0 80 89 124 139 59 23 114
36 132 53 28 63 7 146 126 24 117 78 61 126 145 112 41 52 18 114 147 124 33 81 45 40 31 138 149 104 97 127 12 51 130 132 41 64 17 46 37 102 141 127 145 8 68 142 107 13 104 31 64 98 20 146 13 57 33 28 51 41 76 111 11 33 45 129 134 48 145 25 60 71 141 133 73 138 138 62 126 133 94 61 77 93 73 147 114 54 135 73 84 139 80 0 79 94 106 67 40 78
64 61 81 98 122 101 98 19 121 83 51 138 114 103 28 94 36 135 90 95 119 25 45 107 117 46 122 107 118 111 51 145 116 127 25 71 71 80 10 72 132 123 139 27 111 113 84 23 42 82 98 58 32 26 113 130 1 27 7 50 107 50 81 2 61 21 3 71 41 5 46 22 102 14 74 144 148 3 68 47 118 48 143 65 93 91 104 93 43 22 114 122 46 89 79 0 3 1 134 35 89
144 72 62 10 19 145 87 148 90 49 99 35 19 18 63 96 65 140 115 120 53 101 118 46 96 138 62 76 145 48 118 103 110 105 35 24 22 112 142 24 13 16 80 128 43 120 71 49 147 36 136 89 141 66 47 58 88 100 98 76 140 83 5 147 26 72 62 68 93 73 122 73 53 42 50 90 65 68 53 131 81 128 111 144 144 84 19 134 102 27 33 120 117 124 94 3 0 74 121 137 3
138 125 68 121 117 7 8 14 105 62 124 100 21 37 112 73 14 130 11 142 88 96 137 10 107 101 58 40 63 98 28 85 100 126 106 93 64 62 108 12 77 23 45 37 112 68 134 114 55 7 77 80 65 60 98 141 91 83 38 115 138 132 100 101 73 36 43 149 31 22 10 140 106 100 9 89 114 64 59 72 3 109 98 146 143 131 21 116 27 68 34 139 145 139 106 1 74 0 126 123 77
68 55 102 57 107 22 127 39 86 147 28 117 83 8 103 100 124 130 91 34 37 87 88 102 141 136 77 51 58 22 35 111 2 107 16 65 142 15 58 60 67 72 126 85 41 58 118 55 57 128 106 34 122 117 92 97 75 130 14 46 104 22 31 138 18 138 132 140 59 56 137 105 142 2 131 71 97 74 52 102 4 54 51 13 66 125 42 106 25 40 135 70 112 59 67 134 121 126 0 3 111
110 139 34 52 148 110 84 39 83 99 61 95 38 24 135 105 96 142 112 23 81 143 140 127 121 33 37 85 77 76 78 28 55 114 71 22 73 63 83 134 45 99 10 20 14 69 4 105 58 76 14 27 40 76 8 104 141 99 15 20 24 25 137 141 50 51 36 146 107 115 129 66 143 24 133 58 145 24 64 57 54 108 38 102 89 115 88 43 17 22 44 141 135 23 40 35 137 123 3 0 75
103 34 77 118 50 35 47 145 27 60 98 139 17 136 21 87 142 6 71 17 82 94 91 48 138 58 119 59 21 64 2 3 53 126 33 96 7 23 64 106 8 36 24 61 26 145 134 125 53 67 39 99 53 68 34 61 134 108 52 48 90 43 2 22 82 68 115 45 85 121 31 49 124 38 60 50 124 103 92 148 98 96 39 26 6 21 59 48 122 100 8 114 137 114 78 89 3 77 111 75 0