10 4
0 21 4 1 24 9 8 8 5 24 4 22 24 29 18 3 19 14 2 1 3
21 0 7 8 17 20 1 18 7 23 21 23 18 14 8 15 19 9 26 28 1
4 7 0 25 26 6 23 14 11 9 5 7 25 11 4 3 13 4 12 28 12
1 8 25 0 20 9 26 2 24 15 18 4 13 3 18 10 27 21 20 29 28
24 17 26 20 0 12 19 7 23 3 2 22 8 25 10 3 28 8 28 4 13
9 20 6 9 12 0 9 15 21 27 12 6 12 12 7 22 9 23 22 21 3
8 1 23 26 19 9 0 20 21 6 18 24 8 6 15 13 9 21 23 18 8
8 18 14 2 7 15 20 0 22 11 27 25 25 2 8 27 2 26 11 13 9
5 7 11 24 23 21 21 22 0 3 7 19 29 23 11 7 21 16 13 29 21
24 23 9 15 3 27 6 11 3 0 15 5 9 5 8 24 18 18 9 24 19
4 21 5 18 2 12 18 27 7 15 0 14 29 19 13 12 8 5 17 16 3
22 23 7 4 22 6 24 25 19 5 14 0 25 2 28 4 5 21 6 26 22
24 18 25 13 8 12 8 25 29 9 29 25 0 14 20 3 13 13 20 15 17
29 14 11 3 25 12 6 2 23 5 19 2 14 0 9 18 28 1 22 24 4
18 8 4 18 10 7 15 8 11 8 13 28 20 9 0 22 29 18 25 9 25
3 15 3 10 3 22 13 27 7 24 12 4 3 18 22 0 21 11 4 10 14
19 19 13 27 28 9 9 2 21 18 8 5 13 28 29 21 0 6 15 1 24
14 9 4 21 8 23 21 26 16 18 5 21 13 1 18 11 6 0 29 24 9
2 26 12 20 28 22 23 11 13 9 17 6 20 22 25 4 15 29 0 17 25
1 28 28 29 4 21 18 13 29 24 16 26 15 24 9 10 1 24 17 0 6
3 1 12 28 13 3 8 9 21 19 3 22 17 4 25 14 24 9 25 6 0